0,1009,1204,1218,1263,1436,1461,173,1744,1775,1825,1886,191,2189,2541,2749,2820,3462,353,3568,4075,4086,417,4195,4270,4452,4534,4730,4801,491,4965,5051,5054,5296,5327,5646,5662,568,5688,5698,5826,5841,6001,618,6305,6363,6647,6665,7152,717,7543,7716,7767,7843,7936,7998,8000,8083,821,8216,8217,8251,8450,8471,8484,8662,8779,8835,8861,888,8929,9099,9149,9194,9494,9578,9667,9678,9690,9692,9769,9843,
1,1011,1069,1140,1144,1148,1156,1170,1186,1257,1357,1579,1601,1684,1725,1783,1939,2030,213,2203,2506,2605,282,2907,2933,3015,3049,3075,3140,3175,3547,3553,3582,3652,3719,3736,3773,3965,3990,4020,4097,4340,4481,4676,4691,4747,4806,4822,507,5280,5376,5388,5817,5962,6004,6061,6115,620,6365,6462,6718,6760,6912,7147,7171,7304,7445,7586,7747,7838,7914,7918,803,823,8302,8453,8469,8534,8681,8727,880,8968,9009,927,9292,9349,9369,9445,9472,969,9760,
2,1075,1215,1217,1308,1318,1406,1468,162,1645,1699,1746,178,1793,1810,1896,1957,197,2077,2227,2349,2396,2421,3061,3078,3296,330,3318,349,362,3658,3816,3851,3876,3886,4024,4071,4330,4364,4554,4613,4634,4663,4853,5029,5061,5275,5336,5538,5545,5639,5852,5959,6024,6127,6194,6277,6531,6653,6715,678,6841,6940,6947,7231,728,7303,7359,7386,7469,7568,7598,7656,7977,8101,8149,8236,8401,8463,8850,8857,9328,9329,9633,9722,984,
3,1000,1208,1225,1391,1497,1672,1675,1695,1764,1804,2043,2243,2299,2316,2365,2596,2719,2938,3102,3250,3332,3362,3400,3402,3442,351,3746,3905,3939,3982,3988,40,4202,424,4289,4531,4592,4607,4758,48,4849,4883,5248,5439,5482,5483,5501,5578,56,5778,5881,5934,6286,6322,6329,6343,6362,6394,6469,6574,6668,6779,6832,6845,6856,7038,7127,7161,7207,7529,7650,7831,7860,7882,7959,8070,8128,8136,8200,8289,8316,8412,8427,8457,848,8707,8712,8741,8877,907,9083,9144,9172,9295,930,9364,9626,9682,9719,9750,9855,9860,9887,
4,1042,1134,1181,133,1559,1761,1901,1917,2004,2035,2069,2228,232,2379,2567,2623,275,2873,2923,2978,3148,3218,3248,3252,3294,3307,3444,3529,3581,3650,3860,4035,4048,4111,4142,420,4292,4501,4506,4580,4929,4943,4985,5027,5136,5146,5227,5252,5597,5847,5860,5870,5883,5933,6200,6404,6453,6612,6938,7209,7323,7335,7367,7476,7483,7692,786,7877,7938,8005,8144,8303,8475,8922,9054,9074,9120,9206,9372,9381,9395,958,9639,9676,9708,9766,9930,9933,9950,
5,1093,1098,1210,1249,1277,1365,1394,1403,1457,1478,175,1932,1933,2012,2118,2169,2170,2285,2568,2578,2895,2932,3021,3104,3246,348,3555,3651,3884,4053,4141,4329,4345,4469,4527,4646,4802,494,4948,5039,5121,5286,5331,5354,5359,5598,5687,5756,5923,6016,6027,6039,6067,619,6219,633,6526,654,6627,6818,688,6992,7189,7248,7265,7449,7614,7652,7781,7873,7956,8112,8234,8408,8502,875,8885,9045,9068,9274,931,9525,955,9567,9598,9668,9672,9774,
6,1155,1158,1185,1205,1245,125,1477,1650,1652,1692,1823,2142,2175,245,2468,2570,2676,2733,3275,3330,3341,3361,3488,3699,3703,3742,3744,3970,3986,4033,4062,408,4184,4372,4450,4551,4926,493,5033,5080,5173,5222,5277,555,5741,5764,5812,5924,594,6002,6034,6163,6332,6510,6559,657,6588,6622,6636,6659,6737,6831,6839,6848,6982,7183,7188,723,7235,7764,807,813,8461,8485,8549,8558,8661,867,8755,8791,8958,9064,9078,9122,9138,9296,9299,9314,9374,9428,9463,9488,9492,9543,9630,9723,9762,98,9960,9965,9990,
7,1050,1202,1264,1434,1466,1471,1498,1543,1602,1620,1727,1893,1905,2048,2050,2103,2267,2493,255,2898,2942,301,3106,3134,3381,3409,3459,3493,3526,3660,3833,421,4384,4504,4595,4605,4773,4913,5129,5169,5236,5249,527,541,5499,5534,5577,5637,5672,5735,6112,6172,6207,6211,6226,6229,6291,6301,6388,6544,6571,6587,6607,6783,6829,6925,6939,6997,7017,7169,7198,7204,7205,7212,7242,7291,7339,734,7438,7512,7844,791,7971,808,8122,8156,8202,8308,8370,8398,8415,8522,8597,8626,8650,8829,8897,9097,92,9200,9244,9277,9310,947,9551,9614,9662,9804,9932,
8,1024,1039,1091,124,1271,1279,1384,1418,1426,1464,1506,1508,1523,1614,1622,1808,1895,1919,1925,1982,2049,2212,2277,2335,2353,2369,2411,2507,2708,2937,3059,3151,3312,3333,3677,3781,3858,3956,402,4021,4054,4091,4191,4192,4386,4480,4561,4707,4732,4753,4817,4975,5010,5122,5123,5167,5195,5478,5505,5766,5912,5988,6069,63,6401,6609,6771,7403,7451,7492,7496,7863,7872,7874,8061,8208,8311,8351,8395,8410,8432,8440,8570,8680,8740,8777,8898,8920,8935,908,9087,9101,9148,9419,9441,9549,9611,9726,9745,9772,9777,9849,9937,9952,
9,1165,1176,1252,1258,1261,127,1465,1476,1534,1603,1663,1907,1910,1931,2171,2441,25,2510,2546,2547,2696,2774,2832,2862,3097,3195,3197,3214,3256,3339,3385,341,3500,3533,3592,3731,3748,3752,4003,416,4812,4864,4876,4879,512,5133,5164,5270,5503,5665,591,5950,601,6086,6162,6435,6523,6598,6604,6833,6871,6887,7003,7096,7160,7167,7328,7374,7412,7418,751,7679,7701,7706,7821,797,7978,8213,8225,8268,8371,8431,8574,8691,8708,8864,8963,8965,9437,9515,9529,9541,9635,9684,9693,9987,
10,1113,13,1542,1646,1737,181,2018,2120,2339,2552,2772,2851,2870,2921,3244,3255,3269,3308,3726,3829,412,4148,4151,4162,4194,4838,4854,5017,5053,5392,5413,5555,5616,5801,5822,5873,5930,6249,6252,6482,6534,6864,7035,7126,7135,7299,7385,7461,7521,7694,7953,8196,8369,8454,872,874,8754,905,9158,9346,9385,9595,9602,9709,9853,994,
11,1141,1535,1586,1673,1674,1763,1861,2028,2068,2085,2086,2151,2182,2193,2208,2283,2292,2387,243,246,2464,2746,2806,2826,2854,2856,2897,2918,2946,3008,3452,3554,3639,3727,3802,3817,3870,4130,4145,4165,4181,4193,4219,4262,4293,4413,4518,4596,4708,477,4829,5137,5212,5257,5279,5374,5425,5479,5523,5723,5780,5803,5808,5879,6206,6214,6393,64,6497,6549,6674,6867,7042,7253,7290,743,7462,7517,7571,7759,7798,7806,7812,7824,8026,8079,8093,8146,8276,8385,8472,8536,861,8639,8676,8772,8888,8911,8939,903,9107,9167,922,9233,9290,9336,9398,9489,9579,9687,9811,9816,9908,
12,116,1359,1474,1494,1658,1678,1799,1816,1846,2007,2150,2260,2393,2407,2560,2572,2764,2919,3031,3039,3044,314,3345,3475,3593,3718,3730,4333,4400,4419,4460,4547,456,4587,46,4621,4649,5070,5105,5160,5178,5530,5579,5744,5763,5806,5918,5963,610,6140,6176,6243,6324,6405,6488,6550,6583,6721,6862,6888,6963,7019,7064,7065,7069,7317,7347,7414,7554,7633,7794,788,7884,7923,7987,8013,8169,8338,8422,843,8445,8480,8487,8576,8663,876,8803,8999,9109,9164,9221,9228,9248,9297,9341,9400,9585,9642,9831,987,9994,
13,10,1002,1207,1412,1455,1518,1545,159,1619,1741,1797,1805,1909,1976,2156,2301,233,2509,2626,2800,2858,2889,3125,3162,3180,3291,3414,3621,3809,3835,4005,4032,4034,4199,4459,4635,4642,4889,4908,4915,4994,5030,5041,5211,5214,5357,5431,5458,5605,5747,5859,5978,6007,6149,6262,6290,6486,6744,7011,7012,7162,7247,7506,7541,7729,7888,7897,8413,8466,8637,8879,8975,9201,9205,9280,9348,9446,9523,9539,9604,
14,1066,1106,1297,132,1456,1576,1585,1702,1771,189,1973,2026,229,2418,2481,2512,2538,2600,2613,262,2625,2665,2776,2823,2891,2900,2930,2982,3089,3188,3316,3378,3570,3696,3707,3879,3903,3948,4019,4282,4472,4502,4537,458,4631,4748,4919,4971,5076,5216,5268,5287,5440,5461,5463,5486,5526,5593,5691,5697,5719,5831,5998,6043,6076,6122,62,6221,6258,6679,712,7131,7203,7309,7384,7587,771,7815,7818,7895,7965,8068,8245,8361,8443,851,8518,8526,8815,89,8938,9105,9262,9287,9368,9386,9473,9536,9628,9638,9691,9790,9848,9896,9913,
15,1030,11,1226,126,1396,1444,1501,1623,1628,1654,1677,174,1758,2003,203,2041,2059,2104,2115,22,2346,2408,2677,2751,2770,2853,2893,2970,3020,3071,3219,3231,3365,3371,3611,3663,3681,3963,4308,4393,4588,4608,4662,4669,5031,5101,5142,5490,5752,5796,5833,5893,5943,6161,6318,6320,6323,6378,6384,645,6681,6689,6741,6863,6986,7061,7319,7391,7520,7621,7637,7750,7773,7891,7913,7964,8018,8024,8173,8447,8542,8572,8667,8842,8957,901,9040,9151,932,9350,9528,
16,101,110,115,1281,1379,1416,1420,1437,1481,1573,1617,1694,1946,1963,1970,212,2162,2164,2286,2313,2410,2580,2673,2678,270,288,2968,304,3046,3192,3212,3320,3348,3436,3538,3576,3622,3654,3836,4001,4007,4085,4175,4319,4598,4615,4800,4827,4956,5044,5158,5205,5208,5262,5465,565,566,567,5678,5731,574,5925,6246,6326,6334,6400,65,6749,6799,6816,7020,7097,7314,7372,775,7833,795,8098,8104,8283,8310,8464,8535,8599,8628,9088,9305,9560,9696,97,9730,9881,9882,
17,1016,1173,1229,1241,1344,1378,1446,1588,1686,1696,1768,1795,1860,1876,2070,208,2096,2153,2258,2300,231,2378,2404,2524,2550,2622,2639,2761,2765,2906,2920,2997,309,3357,3439,3478,3680,3721,393,3984,3995,4014,4078,422,4299,4519,4581,4639,4672,4709,4750,4825,4834,4873,5144,5255,5337,5383,576,5849,5913,5984,6184,6265,6409,6568,6576,6601,663,6705,6738,674,6770,6909,7045,7073,727,7526,7528,7639,7856,8008,8063,8126,8139,8265,8301,8336,8348,8417,849,8500,8538,8728,8800,8846,9037,9085,9143,9414,9423,9497,9629,9749,9783,998,
18,1008,1117,113,1143,1154,1390,1711,2165,2343,2350,2438,2463,2487,2522,2565,2582,2614,2668,2785,2925,3145,3165,3266,3324,3420,3485,3599,3645,3714,3786,392,4126,4269,4421,4435,4600,4678,4704,4809,5020,5059,5064,5113,5141,5231,5449,553,5574,5590,5700,5773,5776,5940,5954,6096,630,6468,6518,6635,6645,6794,698,7343,7362,7376,7443,7482,75,7524,7556,7566,7629,77,7717,7756,7820,7842,7919,7950,7955,799,801,8040,8077,8085,8614,865,8873,8903,9020,9176,9246,9249,9265,9308,9396,9432,9474,9559,9571,9597,970,9844,9918,9975,9983,
19,1006,1010,1020,1023,103,1037,104,1055,107,1077,1084,1088,1105,1125,1133,1142,1166,1190,1236,1240,1255,1280,1306,1311,1323,1329,135,1383,1387,1401,1410,1422,1439,1449,1462,1473,148,1510,1512,152,1524,1527,1565,1568,1569,1581,1608,1615,1643,1670,1683,1704,1706,1724,1732,1738,1774,1777,1786,1819,1826,1841,1857,1866,1867,1883,1888,195,1956,1964,1974,1975,1979,1983,199,20,2105,2109,2116,2119,2122,2160,2176,2201,2207,2222,223,2250,2298,2306,2308,2310,2319,2402,2448,2452,2466,2495,2497,2502,2513,2523,2531,2540,2624,2636,2646,2654,2660,2698,2717,2724,273,2735,2736,2757,2790,2804,2809,2830,2835,2838,2840,2860,2871,2877,2878,2883,2894,29,2908,2926,297,298,2984,2989,2998,3027,3035,3042,3058,3065,3070,308,3096,3118,3139,3143,3149,3189,3190,3194,3202,3208,3253,3260,3281,3306,3328,3336,3338,3350,3355,3363,339,34,340,3425,3447,3448,3456,3490,3514,3559,3588,3596,3601,3604,3634,3643,3706,3712,3743,3759,3778,3780,3834,3852,3865,387,3875,3878,3882,3896,3898,39,3958,3967,3972,398,4004,4015,4017,4023,4036,4059,409,4137,4150,418,4189,4216,4218,4224,4228,4238,4326,4334,4335,4353,4371,4387,4401,4440,45,4541,4549,455,4574,4582,4625,4626,4666,4667,470,4729,4751,4760,4765,4772,4776,478,4786,4788,485,4856,4888,4896,4914,4917,4920,4927,4940,4947,4953,4962,4970,498,4997,5013,5023,506,5085,5086,5118,5125,5182,5213,5233,5250,5271,5273,5278,528,5288,5290,5303,5315,5341,5368,5385,5406,5412,542,5434,5459,5492,5495,5500,5506,5516,5520,5533,5537,5546,5548,5549,5611,5636,5640,5705,5709,5736,5749,5811,5815,584,5865,5896,5905,5910,5914,5919,5921,5931,5958,596,5966,5987,5992,5999,6014,6029,6037,6047,6064,6098,6131,6164,6179,6189,6190,6216,6218,6232,6251,6256,6261,6263,6299,6315,6331,6376,6383,6398,6412,6417,6418,6429,6437,6449,6451,6473,649,6490,6492,6500,6501,6506,6532,6541,6545,655,6556,6573,6624,6648,6677,6691,6710,6716,6800,682,6842,6843,6879,6884,6892,6897,6899,691,6924,6954,6955,6956,6958,6984,6991,7002,7025,7026,7029,7055,7068,7084,7088,7094,71,7114,7116,7134,7170,7185,7246,7305,7351,7356,7388,7393,7398,7415,7447,752,7522,7527,7545,7546,7548,7558,7570,7578,7593,7594,7602,7615,7623,7626,7627,7631,764,7645,766,7671,7678,7693,7708,7712,772,7722,7731,7734,7740,7741,7751,7753,7755,7757,7772,7775,7783,7790,7865,7869,7870,7912,7915,7922,7935,7984,8001,8006,8022,8023,8034,8049,8055,8081,8088,8111,8124,8163,8189,819,8211,8241,8246,825,8318,8357,8378,839,8429,8455,8477,8483,8501,8550,8571,8581,8593,8616,8634,8647,8660,8702,8705,8743,8785,8787,8788,879,8806,8827,8837,8844,8882,8900,8923,8928,8930,8943,8972,898,8987,899,9006,9015,9017,9039,9046,9050,9060,9111,9170,9184,9197,9211,9220,9222,9243,9324,9331,934,9370,9383,9393,9406,9421,9429,9442,9458,946,9467,9477,9487,9495,9524,9558,9574,9580,96,961,9618,9624,9631,9636,9640,9641,9654,9655,9658,9669,9689,9716,9739,9746,9748,9751,9787,979,9806,9825,9834,9838,9869,9875,9878,9886,9889,99,9936,9949,9971,9973,9977,9978,9992,9998,
20,117,1332,1485,1564,1653,1703,2098,2178,2789,2837,3048,3168,3262,331,3326,3388,342,3551,3819,403,4045,4058,4215,4298,4370,4389,4597,4620,4716,488,4882,5078,5081,538,5624,5656,5783,5799,6083,6187,623,6250,6283,6392,6432,6460,6535,6775,680,7032,7062,7263,7320,7494,758,7732,7905,7928,7944,8004,8137,8203,8239,8961,8990,900,9008,9011,9191,9202,9238,9284,929,9318,945,9758,9939,9970,
21,1160,1296,1419,1427,1519,1520,1531,1572,1657,1730,1759,1911,1986,2053,2078,2101,2140,2159,2595,2617,2801,2833,2839,2848,3055,3120,3147,3271,3612,3624,3661,3665,369,3747,3761,414,4244,4352,439,447,4524,4555,4749,4881,5014,503,5115,5156,516,5193,5595,5727,6025,6035,6269,6295,6406,6594,6782,6935,6973,7154,7157,7166,735,7436,7491,7601,7735,7782,7792,7962,8107,8221,8315,8528,854,8579,8602,8617,8625,8769,8821,8936,8985,9035,904,911,921,924,9542,9674,9909,9958,
22,1063,111,1157,1325,1488,1505,151,1517,1642,1644,1754,1912,196,2063,2224,2259,250,252,2527,2533,2599,2825,2976,3014,3135,316,3243,3342,3415,3495,3603,3671,3687,3926,4172,4261,4485,4512,4530,4535,454,4713,4717,4763,480,4808,4925,4986,5036,5062,5153,5174,5221,5535,5539,5629,5658,5667,5724,5753,5949,5986,6032,6165,6183,6264,6419,650,6509,6514,6555,6596,6660,6696,6697,6945,7063,7085,7208,7296,7401,7518,753,7622,7837,80,8086,8158,8168,8227,8231,8340,8347,8541,8577,8600,8654,8717,8721,8742,8762,8916,9091,9159,9253,9358,9375,9452,9486,9505,9588,9789,9926,
23,1090,1099,1107,1163,1175,121,1250,1374,1483,150,1671,1776,1787,1803,1858,187,1887,1942,1977,2051,2152,2251,2256,2274,2480,253,2695,2740,2819,2874,2945,2983,3025,3323,3423,3558,357,3715,389,3906,3953,4161,4166,4447,4533,4633,472,4785,4816,525,5308,544,5444,5462,5504,5522,5566,5587,5603,5759,5842,5876,6026,6126,6244,6357,6485,6495,6643,6773,6913,6926,6943,7089,7223,7585,7866,7867,828,8559,8711,8759,8784,8839,8856,9003,9007,9129,9224,926,9281,9312,9945,9993,
24,1097,1100,1162,1171,1195,1336,1424,1561,1639,1757,1815,1831,1984,2419,2713,2755,2783,2808,3003,3036,315,3278,3282,3309,3319,3397,3408,3575,3615,3638,3673,377,3777,3814,3910,3951,4127,4498,468,4712,4744,4784,4813,4841,4868,4995,5021,5209,5238,5543,5558,5894,599,6248,6313,6438,6452,6520,6529,6538,6543,665,6764,6788,6930,7034,7288,7643,7780,7900,8053,8235,8346,8400,8510,8552,8592,8621,868,8703,8790,8868,8871,8880,8979,9278,9378,9390,9613,9828,9995,
25,1018,105,1310,1327,1361,1367,1453,1502,1756,1789,1835,186,1868,2045,2056,2232,2235,224,2245,2374,242,2640,2732,2857,2867,3026,3050,3054,3068,3124,3152,3221,3394,3517,3754,3815,3849,3866,3922,3938,3980,4011,425,4305,4320,4380,4792,4981,5,504,5079,5107,5189,5196,5509,5728,5915,6018,6059,6217,6463,6527,6646,6649,6669,6729,6734,6743,6798,7050,7102,7143,7216,7371,7427,7468,7504,7550,7763,784,7907,7996,8270,8319,8382,8452,8474,8720,9028,910,9160,925,9343,9344,9371,9673,9879,9898,
26,1109,1248,1268,1372,1479,1682,190,1903,2011,209,2127,220,2262,2280,2314,2435,2484,2609,2666,2756,2803,2849,3122,3216,3258,3329,3627,3825,3853,3950,42,4229,4339,4402,4479,4693,5307,531,5343,5452,57,587,6272,6273,6294,6361,6366,639,6416,6714,6795,6894,7123,7287,73,7310,7452,7669,778,7784,7801,7805,8065,8148,8175,8206,8327,8482,8496,8719,8970,91,9131,9212,9237,9389,9616,9685,9714,9770,9817,9850,9854,997,
27,1005,1184,1570,1689,1742,1750,1847,1889,2020,2102,2246,2276,2297,2375,2382,2587,2616,2702,2738,2901,2963,2979,3082,3137,3181,3226,3435,3473,3499,3528,3605,3755,3769,3821,3893,4042,4408,4418,453,4557,459,4640,4651,4677,4738,4757,4942,4944,4945,4987,5247,5345,5582,5740,5872,6091,6267,6387,6399,6498,6736,6755,6810,6872,6987,700,7007,701,7028,7113,7264,7267,7613,7641,7931,8014,8042,8121,8191,8238,8356,8377,8392,84,8436,8682,8694,8910,8951,896,9010,9019,9182,9232,9257,937,94,9534,9583,9747,9842,
28,1048,1300,1313,1366,1381,1598,1745,1853,1877,2081,2100,2143,2199,234,2344,2367,2436,2461,2472,2551,2610,2655,2766,2917,2962,3101,3144,3150,3157,334,3419,3574,3578,3606,3702,3770,3796,3804,382,3873,4006,4079,4129,4136,4197,4257,4318,4377,4466,4471,4529,471,4814,4867,490,5073,5135,5145,5149,5226,539,5487,5553,5633,5689,5868,597,6052,6128,6225,636,6686,6752,6811,6870,7140,7275,7300,7409,749,7536,7688,7779,8095,8100,812,8204,8261,840,850,8523,8606,913,9156,9276,9288,9405,9420,9425,959,9695,9710,972,9826,
29,1045,1046,1064,142,1445,1733,1735,1852,1961,1978,2009,2355,2688,2739,2788,2807,2866,2886,3053,3084,32,3359,3368,3431,367,3717,3844,3943,3978,4018,4028,4077,4122,4245,4503,4517,4619,4653,4657,4660,4722,4780,4980,53,5375,5394,5457,5599,5642,5800,5973,6013,61,6330,6599,6623,6651,6923,7059,7250,7251,7354,7439,7487,7503,7525,7817,7899,7948,7997,8583,8584,8706,8795,8894,8896,8945,9152,9180,9430,9440,9527,9532,9555,9582,9757,9851,9927,
30,1014,1076,109,1220,1349,1388,1405,1454,1467,1546,1571,1629,1637,1904,1918,1920,2,201,2033,2087,2132,2210,2242,2482,2562,3117,3249,3290,3430,3531,3649,365,3701,3789,4013,4241,4260,4312,4392,443,4457,4684,4957,4964,4993,5099,5155,5180,5283,5570,564,5845,585,613,616,6228,6316,6347,6381,6712,6759,6850,6852,6915,7004,7107,711,713,7184,7187,7241,7350,7392,7937,8025,81,8192,8205,8328,8386,8960,9044,9110,9162,9163,9168,9169,9665,9671,9802,9859,9884,9984,
31,1034,1049,1174,122,1235,1253,1386,1560,1640,1655,1728,1753,1773,1891,1900,2072,2090,2155,2264,2289,2328,2380,2536,2593,263,2661,2692,2709,2816,287,3016,3095,3198,3213,3270,3482,3509,3536,3697,3877,4030,4041,4256,4283,432,436,4398,4516,4601,4710,4791,5024,52,5256,529,5305,5326,5333,5355,5529,5588,5649,5683,5706,5737,5911,6051,6058,6079,6119,6173,6340,6517,6553,6558,6585,6634,671,6767,6907,6914,6974,7060,7071,7186,7280,739,7420,7460,7478,7509,7702,7730,779,7876,7972,7979,8151,8212,8313,8476,8609,8794,8841,8884,9185,9352,9411,9431,944,9581,9763,9964,
32,1183,1316,1554,1687,1707,1807,1811,1842,194,2001,2263,2371,2388,2592,2633,3081,319,3331,3460,3550,3614,3657,3672,3839,3856,4025,4092,4251,4284,4423,4474,4629,4641,4659,4661,4685,4842,4911,562,5682,5784,5793,5807,5861,6102,6193,6317,6379,6457,6476,6572,6605,6698,6906,7023,7033,7159,72,7357,7535,7630,7646,7654,7675,773,8069,8180,8306,8339,8353,8553,8670,9081,9123,9315,9323,9366,9561,9609,9681,9683,978,9794,9931,
33,1067,1102,1124,1231,1355,1470,1536,1551,1577,1665,1940,1944,1995,2107,228,2489,2517,2581,2662,2697,2723,286,3004,3023,3111,3360,3367,3373,346,3543,3613,3842,3862,3887,3935,3985,405,4082,4106,4286,4465,4514,4550,4627,4694,4701,4790,4939,4974,5069,5087,515,5251,5263,5282,5542,559,5670,5686,5819,5858,5866,5900,6031,6036,6124,6297,644,6466,6494,6638,6827,7051,7058,7118,7138,722,7282,7605,7625,7682,7966,7990,8437,8456,8611,8674,871,8950,9021,9029,9053,9263,9459,9584,
34,108,1244,1286,138,1380,1567,1599,1875,1971,202,2083,2097,2213,2511,2544,257,2712,2767,2822,289,2911,2955,3066,324,3351,3417,3546,3711,3760,3883,3894,3933,3946,3949,4022,4094,4147,5098,5197,5301,5334,5348,5395,5475,575,5814,6068,6082,6134,6227,638,6396,6578,6591,6600,690,6951,7044,7087,7421,7530,7567,7611,7612,8035,8052,811,8172,82,826,829,8322,8380,8435,8860,8915,8974,9166,9204,9229,928,9313,9333,9426,9540,9600,9627,9897,
35,1092,1292,1347,1495,155,1766,1784,1899,204,2185,225,2332,2360,2413,2478,2501,2656,2758,2864,3009,3092,3123,3155,3466,3518,3623,3632,3646,3686,3710,3827,3991,4031,430,4307,4494,4505,4536,4673,4796,4870,5382,5408,5488,552,5828,5855,590,5917,5985,6087,6196,6276,6349,6377,6415,6484,6637,68,6808,6927,7083,7129,7130,7194,7269,7381,7555,7648,7858,8074,8181,8368,8405,8407,8441,8467,8489,8494,8685,8690,9235,9273,9311,9485,9538,9577,975,9925,
36,1017,1052,1068,1145,1182,130,1351,1452,1659,1690,1762,1924,1981,227,238,258,3164,3257,326,3513,3540,378,3904,3920,4149,429,4367,4477,4508,4528,4558,4671,4674,4858,4952,5047,5166,5352,5491,5496,5562,5775,6070,6220,6389,6431,6441,6480,6557,6631,664,6739,6828,6838,687,689,6959,6965,704,7333,7402,7464,7562,7644,7676,8,8002,8199,8219,83,8354,8419,8439,8516,8649,8651,8745,8781,8908,8946,9024,9069,912,9139,9175,9217,9247,9279,9289,9373,9620,9661,9781,9924,9941,
37,106,1083,1150,1232,1343,164,1714,1729,1926,2042,2046,2088,219,2230,2307,2356,249,2516,2539,2576,2658,2842,3172,3288,3310,337,3470,3577,364,3642,3691,3826,3889,399,4227,4263,4265,427,4382,4388,4493,4525,4553,4614,4890,5012,514,5427,5507,5563,5889,5932,6071,6075,6106,6109,6139,6154,6353,6370,6540,6566,6586,6611,6658,6748,6806,685,7109,7144,7158,7406,7448,7475,7762,7786,7841,7878,8090,8162,8171,8588,8608,8636,8771,881,8833,8855,8893,8971,9062,9135,9181,9186,9218,9226,923,943,9622,9718,9793,9953,
38,1021,1110,1283,1397,1480,1593,1949,2067,2071,2202,2219,2249,247,2557,2670,280,2817,3029,3177,3259,332,3412,3567,3659,3936,3992,4073,4198,4391,4395,4463,448,4539,4546,4624,4697,4706,4774,4836,4847,5043,5088,5372,5384,5456,5650,5655,5685,5743,5761,5810,5953,5957,5981,6120,6148,6156,6168,6185,6236,6625,6750,6890,726,7479,7714,8155,8188,8232,8294,8486,8495,8547,8723,8809,8823,8875,8994,9301,9384,9388,9526,9615,9645,9972,
39,1056,1119,1246,1259,1358,1443,1475,1499,1591,1609,1820,1829,2240,2248,2266,2268,2315,2470,2476,272,2763,2777,2818,290,2957,3069,3079,3237,3277,3404,3618,3648,3683,3737,3845,3912,3944,3997,4012,4232,4714,4795,4954,5002,5066,5132,5154,5342,5441,5602,561,5664,5729,6233,6307,6328,6339,6690,6786,6878,6931,6980,7010,731,7378,7647,7745,78,783,7849,7904,7921,8011,8131,8253,8291,8343,8367,8610,8710,8786,8801,8881,9025,9042,9090,9092,9098,9104,9208,9376,940,9451,9502,953,9643,971,9734,9740,9812,9822,9883,
40,1001,1132,1199,1209,1269,1342,1376,1459,1509,1592,1627,1635,1661,1691,1708,1710,1781,1813,1822,1884,1952,1958,2075,2265,2458,265,2657,267,2879,3085,3183,3223,3276,3349,3438,3738,3846,3874,3962,397,3977,4076,411,4196,4211,4337,4342,4347,4407,442,4453,464,4740,4805,4897,5108,5423,5565,5632,579,5798,6614,6633,6682,6778,6861,6937,7079,7375,7389,744,7442,7485,765,7672,7719,7832,8255,8394,847,8521,8569,8590,8831,8892,8918,9126,9264,9286,936,9360,9550,9594,9607,9650,9688,9791,
41,1120,1172,1293,1356,1486,1539,1550,1555,1557,1606,1613,1770,2200,2239,2417,261,2630,2650,2659,2720,2859,291,2969,2972,3038,313,3234,3325,3346,3364,3427,3571,3784,3828,3913,3921,4113,4427,4794,4850,4991,5058,5091,5100,5386,5426,5474,5514,5610,5622,5692,5720,5765,5875,5916,5956,5967,6203,632,6546,6853,6936,6968,7193,7226,7495,7616,7804,7847,7852,8010,8067,8165,8190,838,8384,8459,8490,852,8546,8560,8704,8737,8746,877,8817,9072,9213,9510,956,980,9810,9819,9899,
42,1151,1222,1409,1525,1626,1636,1669,1751,1779,1796,1802,188,1928,1934,2084,2123,2244,2361,2483,2577,2631,2648,2924,323,3295,3375,3443,3465,3497,3692,3708,3733,3774,3927,4010,4037,4146,4155,4242,4268,4338,435,4390,4415,4495,4496,4538,4542,466,4804,4894,4951,4969,5067,5071,5150,5272,5311,5477,5484,5586,5652,5680,5713,572,5853,6094,6152,6178,6355,646,6461,6590,660,6910,6979,703,714,7192,7256,7539,7542,7592,7595,7816,7827,7839,789,790,7908,7911,7975,805,8099,8106,8159,8214,8243,8267,8273,8288,8296,8433,8774,8978,9203,9207,9870,9981,
43,1115,1331,1433,1578,1624,2080,2135,2190,2358,2376,2454,2634,2796,2904,2905,2939,2967,3002,3083,3131,3227,3241,3458,3664,3682,3818,3861,3872,3929,4044,4057,4080,4253,4271,428,4317,4523,4622,4891,4912,4921,4950,5074,5181,5224,5429,5485,5816,5968,6080,6259,6537,659,6619,6702,6742,677,6809,6889,705,7104,7308,7502,7560,7665,7868,7969,7988,8056,8105,8138,8281,8446,8499,8632,8683,8843,8925,9022,9145,9210,9255,93,9448,9514,9625,9637,9725,989,9910,9963,
44,1095,1161,1179,1188,1214,146,153,1530,1632,1748,1994,2320,239,2395,2525,2528,2561,2940,2948,3076,3173,3233,3322,3352,336,3398,3421,3492,3494,358,3637,3690,4070,413,4144,419,4321,4373,4432,4556,4564,4602,4718,4731,4998,5008,5240,5320,5344,5360,5454,550,5869,5892,6008,6107,6364,6382,6436,6472,6503,6551,668,6680,6780,6903,7239,748,7580,7687,774,7808,8335,8430,8545,855,8594,8883,8934,8973,9012,9132,9271,9294,9575,9586,9619,9646,9773,990,9962,9967,9976,
45,1031,1237,140,1526,1562,1566,1667,1850,1856,1948,2037,2058,2172,218,222,2226,2304,2607,2637,2729,2741,2805,305,3133,3274,3279,3463,3544,3579,3633,4207,4310,4325,4428,4434,446,4583,4636,4737,5063,5106,513,5151,5152,5188,522,5371,5393,5428,58,5829,6019,6147,615,6169,628,6308,6344,6346,6368,6374,6454,6547,6565,6581,6602,6606,6766,694,6981,7013,7202,7257,7533,7618,7802,7846,7864,8114,8402,8509,8679,8768,882,8906,8956,9014,9394,9507,9509,9605,964,9694,9715,9717,9731,9922,9980,
46,1128,1552,1611,1685,171,1747,1890,1990,2113,2221,2317,2518,2597,2628,3080,3109,3128,3205,3327,3390,3424,3521,3728,3739,3740,3803,4002,4124,4138,4204,4309,4409,4540,4548,4584,4775,4909,4967,5025,5176,523,5242,5361,5369,5387,54,5601,5718,577,5843,6145,6208,6255,6579,6919,7110,7433,7658,7728,7890,8259,8388,8565,862,8624,8993,902,9345,9454,949,9521,9533,9546,9649,973,9744,9782,9805,
47,1164,1330,1339,1407,1492,1549,158,1721,1772,193,211,2498,2529,2588,2649,2773,2855,2914,295,2988,3012,307,3129,317,3393,3501,3609,3640,3662,3753,3806,3899,3975,3979,4038,4060,4239,4240,4350,4403,4433,4437,4599,4724,4752,4810,4893,5259,5281,5284,5304,5351,5401,5435,5493,554,5544,5561,5647,5823,5938,5960,5976,6045,6144,6230,6292,6443,6603,6616,6641,6663,6962,710,7330,742,7486,7569,7604,7608,7651,7947,8222,8424,8640,8692,8718,8780,8807,8966,9086,9259,9316,9456,954,9623,9632,9652,9775,986,
48,1051,1103,1200,1304,1428,1482,1521,1522,1589,1638,17,1862,1869,1908,1966,1980,2025,2040,2145,2197,2364,251,264,2986,325,3374,3474,3484,3653,3670,368,3762,3841,4164,4233,4278,4365,4374,4643,4665,4687,475,4811,5072,5128,5243,5314,5353,5466,5480,5576,5589,5733,5742,6074,6254,6337,6413,6433,6642,6761,6849,6883,6911,7473,7489,7561,7771,7883,7916,7954,816,8164,8184,8248,8254,8479,8507,8668,8698,8828,8836,890,8948,9124,933,9433,9657,9798,9830,
49,1028,1060,1256,1260,1278,1398,1425,1533,1717,1736,184,2191,2225,2229,2372,2386,2398,2575,2598,2638,3052,3240,3556,363,3667,3676,3810,3871,4066,4225,4247,4405,4476,4559,4778,4861,4923,497,5015,5049,5171,519,5210,5300,5365,5407,5467,5508,551,5521,5536,563,5888,5948,5983,6093,6142,6524,6777,6791,696,7227,7238,7249,7507,7743,7746,7834,79,7952,8284,8337,8403,8533,8573,8578,8677,8725,8766,8799,8899,9096,9335,9466,9496,9659,9947,9999,
50,1041,1073,120,1272,1450,1532,1547,156,1828,1872,1950,1953,2163,2261,2519,26,2675,2994,312,3132,3199,3297,3301,3337,335,3433,3511,374,3837,385,3891,4050,407,4123,4125,4206,4212,4248,4424,4511,4594,4681,4696,4769,5003,511,5192,5309,5362,55,556,5681,5714,5721,5927,6011,6030,6348,6475,6620,6728,6757,6802,6952,70,7036,7093,7261,7342,7428,7498,7563,777,7859,787,798,8016,820,8224,833,8364,8514,8726,8730,8834,8954,9114,9196,9214,9397,9434,9438,9504,9720,9920,
51,1029,1040,112,1382,1393,1472,1625,1726,1788,1830,1922,1947,2183,2198,2331,2342,2457,2469,2471,2473,2477,2601,2671,268,2691,2782,3067,3091,3127,3261,3272,3407,3481,3523,3620,3688,3797,3854,3931,3971,3974,401,4049,4056,4280,4311,4328,440,4510,4515,4521,462,4689,4793,4860,4955,5042,517,5184,5194,535,5409,5618,5645,5684,5835,6170,6257,643,6525,6530,6657,6803,6881,6990,7048,7245,7458,7497,7738,7793,8032,8220,8298,8332,8360,8389,8517,8582,8655,8714,8895,9031,9250,9285,9322,9436,9572,9699,9833,9892,9946,
52,1004,1291,1668,1693,1859,1929,2073,217,226,2336,2488,2494,2563,2653,2679,2768,2934,3028,3047,3303,3395,3479,3510,3548,3674,3716,3808,3847,3919,4119,4185,4464,4522,4682,469,4703,4787,4846,4872,5011,5092,5198,5203,5291,5323,5367,5512,5575,5617,5651,5701,5704,5710,5758,5762,5825,5969,6050,6123,6274,6391,6447,6470,6575,6720,6902,7164,733,7382,7390,761,7799,7850,7898,7925,7943,7960,7968,8038,8091,8147,8160,8244,831,8334,8374,8548,8585,8675,8776,8905,8942,919,9227,9424,9462,9599,9841,9974,
53,1025,1044,1082,1122,1127,1216,1223,1228,1282,1597,1610,172,1837,1854,1938,1993,1996,2013,21,2206,2291,2327,2347,2409,2423,2424,2427,2431,2584,2611,2621,2643,2667,2814,2844,2847,2875,2922,2949,3007,3072,338,3572,3573,3705,41,4237,4343,4344,4406,4499,476,487,4963,50,5260,5370,5433,5453,5677,5790,5794,5797,5854,586,5901,5991,6005,6174,6458,6491,6628,667,6836,6976,7001,7027,7054,7066,7082,7120,7292,7358,7370,7423,7459,7511,7681,796,8247,8352,8505,863,8657,8773,8820,8826,9038,917,938,939,9449,948,9548,
54,1061,1108,1247,1285,1353,1371,1417,15,1743,1898,1915,1962,2303,2323,2383,2439,2532,2642,2715,284,2846,2980,3086,3138,320,3206,3299,3480,3549,3631,3713,3751,3766,3941,3959,4116,415,4222,4226,43,4315,4359,4532,4695,481,4832,5022,5317,5322,546,5635,5666,5717,5856,5887,595,5996,6006,6065,6081,6288,637,6410,6548,6656,6694,6730,6774,6823,6868,7018,7099,719,7322,7435,7553,7572,7659,7934,7995,804,8058,8078,8108,8120,8279,8290,8414,8715,8819,8838,8853,9001,9070,9141,9154,9251,9275,9363,9520,9647,9700,9915,
55,1,1032,1159,1288,1320,1373,1612,1681,1723,1930,2082,2389,2460,248,2537,2682,2684,2701,2760,2815,2872,2935,296,3196,3211,343,3486,352,3600,3767,3857,3859,3961,4183,4217,4279,4366,4369,4385,4404,4426,4487,4616,4819,4992,5048,5057,5134,5138,5363,5381,5432,5532,5654,5699,5809,5848,6097,6141,6180,6235,6369,6632,6700,6785,6789,6797,6880,6916,6972,708,7190,7379,7609,7628,7636,7803,7932,7933,7961,8017,8054,824,8428,8434,891,8933,9030,9048,9065,9415,9453,9610,977,9912,
56,1026,1033,1126,1194,1197,1321,137,1415,1871,1967,2158,2288,2373,2381,269,2743,2831,2850,2852,3005,3094,31,3159,3193,3204,3315,3383,3440,3552,3560,3587,3629,3758,3890,4139,4159,4285,4351,4379,4675,489,4903,5018,5110,5254,5364,5390,5410,5489,5519,5584,5620,5621,5824,5837,5878,5885,6084,6111,6146,622,6289,6371,6390,6511,6552,6595,6675,6857,6995,7139,7176,7217,7219,7243,7397,7470,7619,7683,770,7703,7704,7766,8082,8178,8381,8506,864,884,8964,9108,9256,9367,9377,9402,9530,967,9752,9767,9961,
57,1096,1233,1239,1309,1315,1346,160,1897,1943,2000,2057,210,2322,2334,2403,2425,2475,2521,2615,2618,274,2775,2798,3045,3051,3063,3160,3200,3228,3401,3704,3722,3795,3812,3843,4121,423,426,4273,4399,4411,4545,4568,4728,4768,482,4855,4857,4865,4938,4941,5093,5094,5147,5191,5299,5481,5518,5607,5609,573,5867,5880,5890,5898,5926,6003,6105,6198,6245,6247,6282,6478,6502,6801,707,7092,7255,7437,7510,7537,7597,7855,8012,8110,8113,8260,8341,8418,8421,8556,8733,8750,8805,8869,9016,9195,9209,9266,9267,9511,966,982,9829,9863,9929,
58,1071,1094,1270,1326,1337,1404,141,1618,1651,1739,179,1801,200,2006,2061,2433,2444,2490,2504,2534,2571,2635,2880,3187,3264,3285,3305,3382,3468,3502,3595,3741,3750,3820,3831,3916,4040,4170,4314,4368,4394,4563,4573,467,4700,4779,4901,4930,5097,5124,5223,5298,5319,5380,5404,545,5510,5795,5846,5982,6022,6057,6066,6197,621,6253,6483,6519,66,6727,6874,706,7086,7133,7278,7289,7424,7471,7699,7768,7800,7880,7920,7929,7949,7970,7973,8062,8266,8304,8331,8567,8627,8756,8808,885,8949,8976,9036,9093,9137,9219,9306,9468,9569,960,962,9938,
59,1116,1177,134,1389,1463,1489,1596,1604,1712,1734,1749,1760,1809,1818,1845,2039,2106,2209,2218,2284,2287,2442,2586,2674,2779,2834,3022,303,3358,3386,3617,3641,3684,3768,3794,3901,3914,394,4051,4264,4354,4683,47,5006,5161,5162,5187,5321,5430,5471,5540,5592,5702,5767,588,5928,5929,5946,5947,6010,6117,6129,6215,6268,6367,6479,6493,6765,6796,6817,6825,6989,7015,7056,7215,7607,7684,7811,7814,7826,7892,7902,7910,8019,8020,8103,818,8230,8262,8355,837,8425,8449,8613,8744,8753,9002,9052,9189,9223,9239,9408,9444,9516,9670,9759,9814,9820,9865,9907,
60,1086,1131,1149,1411,1413,1491,176,1767,1849,1935,1959,1989,2184,2321,2340,2492,2725,2728,2781,2863,3077,3113,3450,3472,3535,3656,366,3917,4065,4179,4182,4290,4336,4430,4488,4571,4735,4978,500,5127,5220,5391,5415,543,549,557,5669,5679,5725,5834,5942,605,6063,6085,6175,6321,6327,6670,6701,672,6726,686,6921,7052,7106,715,7218,732,7410,7559,760,7713,776,7927,7940,7946,8015,8134,8157,8197,8317,8344,8551,8767,8830,8940,9133,9326,9455,9465,9537,9587,9824,9874,9914,
61,1007,1015,1057,1298,1514,1587,1755,1836,185,2032,2038,2099,2136,2214,2359,2505,2549,27,2810,3098,3142,3154,3169,3224,33,3557,3608,3675,3800,3902,3994,4105,4267,4323,444,4468,4473,460,4698,4933,5103,521,5346,5398,5405,5447,5511,5668,571,5722,6049,6181,6456,6554,6593,6671,6837,702,7057,7148,7155,7196,7387,7426,7484,7600,7632,7828,7835,7836,8007,810,8187,8215,8264,8411,8564,8591,8598,8635,8696,8735,8986,9047,9112,9241,9479,950,9522,9666,9703,9754,9784,981,9837,9888,
62,1003,1121,1299,1377,1496,1607,169,2079,2114,2194,254,2556,2787,2869,2936,2985,3215,3353,3380,3384,3464,3602,372,3952,4108,4112,4128,4190,4214,4637,4654,4754,4815,4840,4874,4922,495,5035,5175,5183,5274,530,548,5560,5596,5659,5694,5802,5945,5990,6042,6100,617,626,6296,6372,6563,6684,670,6735,681,6999,7005,7122,7177,7337,750,7584,7663,7667,7727,7894,8075,8116,8531,8562,858,8731,8770,8848,8886,8953,9165,9193,9435,95,965,9677,9707,976,9780,9871,9988,
63,1137,129,1340,1448,157,1594,1882,2002,2149,2271,2333,2451,2515,2993,3247,3292,333,3347,3644,3655,3668,3775,3776,3850,3976,4117,4169,457,4578,4797,4898,5037,5056,5218,5285,5332,5366,5748,5884,5952,6137,6222,6354,6356,6424,6499,6639,6756,6876,6946,699,7043,7137,7175,7236,7341,7419,754,7674,7696,7896,7906,7945,8039,8153,8223,8274,8460,8669,8689,87,8751,8852,8865,8901,9080,9095,915,920,9309,9480,9503,9664,9835,9866,9954,
64,1101,12,1273,1289,1333,1538,1541,1812,1914,1921,1954,2008,215,216,2180,2195,2312,2394,2397,2446,2491,2543,2564,2786,281,285,2861,2931,3100,3121,3153,3429,3519,3591,3616,3848,3964,4101,4104,4223,4425,4611,4652,4743,479,4818,4830,4884,4887,4977,4999,5168,5591,5782,582,607,6191,6287,6477,6753,6776,6793,6855,7024,7072,7153,7298,7313,7493,7564,7666,7776,7788,7879,7909,7958,8073,8256,830,8416,8734,8921,8995,9023,9051,9130,9179,918,9183,9340,9365,9464,9508,9552,9562,9742,9845,999,
65,1080,1421,1800,183,2062,2126,2223,2296,2318,2390,2555,2566,2574,2612,2710,2811,2812,2829,2961,3011,3103,3254,3487,3534,3545,3785,3792,3983,4177,4276,4288,4332,437,4378,4410,4454,4467,4475,4589,4851,4886,4905,4924,4959,4976,4988,5082,510,5140,5170,5232,5302,537,5377,5531,5644,5774,5909,6015,6204,640,6455,6533,6584,6711,6769,6824,6970,6978,6994,6996,7108,7121,745,7523,7552,7661,7983,8140,8345,8350,8404,8615,8851,8902,8914,8941,9073,9103,9234,9392,9553,9606,9679,9729,9885,9919,
66,114,1167,1265,1301,1319,1324,1537,1605,180,1838,2091,214,2154,2168,2216,2257,2399,2414,2707,2747,2827,2896,2910,2947,2956,299,2991,3024,311,318,3203,3293,3302,3453,3454,3455,3491,3516,3585,3709,3772,3930,4176,4203,4327,4478,4490,4612,4617,4692,4727,4823,5065,5095,5120,5163,5215,5219,5246,5335,5338,5469,5641,5751,5838,6046,6113,612,6160,6213,625,6423,6430,6471,6713,6731,6792,6929,7081,7128,7132,7191,720,7206,7311,7377,7394,7456,7490,7513,7534,7557,7573,7575,76,7624,7840,8094,8133,8142,8358,8420,8520,8537,860,8659,8724,8792,8904,8927,8977,8996,9043,9140,9258,9355,9357,9361,9391,9482,9500,9566,9592,9648,9894,9904,9911,9943,9944,9957,9986,
67,1013,1054,1369,1441,1873,1878,1880,1951,2095,2112,2278,2302,2370,2450,2508,2579,2644,2672,2753,2759,2778,2797,2912,2950,3,302,3141,3619,3764,3791,3911,4103,4120,4160,4235,4565,4679,4877,4973,5204,5207,5235,524,5564,5626,5730,5789,5974,60,6028,6135,6209,6342,6427,651,6708,6768,6821,7009,7041,7053,7095,7210,7254,7329,7422,7440,7441,7454,7466,7691,7710,7742,7845,8009,8118,8129,8280,8349,8406,8488,8596,8607,8638,8713,8738,8765,8798,8867,8872,8926,894,895,8969,9153,9293,9320,952,9847,9940,9982,
68,1070,1180,1262,1290,1440,161,1660,1679,1892,1965,1992,2146,2147,2337,2590,2882,2929,3167,3366,3396,3562,3756,3840,3909,3932,395,4234,434,4396,4497,450,4552,461,4632,4702,4739,4885,4892,5004,5253,5265,5330,5411,5515,5619,5703,5708,5715,5850,6056,6089,6201,6298,666,6693,6784,6865,7195,7318,7407,7413,7540,7707,7721,7736,7829,7992,8084,8145,8305,8390,8513,8587,8761,8804,8810,886,8887,893,909,9134,9215,9268,9457,9590,9644,9698,9776,988,
69,1221,1363,1375,1385,1515,1600,1633,1713,1778,1832,1843,1848,1870,2125,2275,2279,2338,2406,2486,2742,2845,2941,2964,3161,3174,321,3263,3387,3392,3598,3647,4115,4143,4167,4180,4205,4436,4500,4603,4604,4789,4799,4839,4972,5202,5206,5340,5442,5674,5732,5813,606,6060,6121,6151,6199,6241,6281,6654,6754,676,6835,6891,6953,7105,7151,7197,7240,7302,7331,7432,7444,7574,7577,7770,7825,7871,7951,8043,8166,8183,8326,8442,8492,8539,8641,8775,8793,9252,9261,9407,9498,9565,9651,9876,9928,
70,1022,1079,1206,1238,1341,145,1616,1720,1945,1985,1999,2093,2137,2253,2309,2420,2496,2569,2744,2974,3006,3056,3179,3489,3678,3779,391,3945,3993,4134,4356,4443,4591,4711,4966,499,5130,5201,5399,5745,5788,5891,5989,6017,609,6103,6108,6125,6133,648,656,6673,669,6723,6971,709,7136,7252,7380,7383,7396,7695,7761,7809,7848,7889,7985,8237,8397,8515,8519,8642,8847,9192,9325,9443,9471,9512,9563,9573,9663,9801,9823,9864,9906,
71,1104,1112,1400,1438,147,1500,163,2031,2064,2129,2139,2233,2255,23,2384,2391,2416,2542,2545,2559,260,2603,2680,2711,28,2959,3093,310,3112,3119,3251,3434,3467,3530,3698,3732,38,3885,3954,4100,4252,4451,463,4725,4734,4781,4803,4937,5019,5032,5111,5199,5225,5329,5443,5627,5695,5696,5787,5818,5922,5980,6054,6293,6420,6561,6582,6704,6706,6745,6772,6920,6950,7142,7214,7262,7294,7400,7425,7472,7711,7875,792,7924,8027,8141,8161,8170,8179,8396,8451,8504,8511,8630,8666,9000,9033,9190,9319,9556,9686,9705,
72,1019,1027,1036,1146,1203,1274,1352,1370,1430,1544,16,1630,1697,1731,1821,2089,2108,2293,2326,2437,2459,2462,2526,2535,2602,2731,2771,2915,3090,3166,3476,36,3763,381,3855,4295,4484,4489,4492,4733,4824,4852,5016,502,5112,5350,5417,5631,5653,5676,5769,5935,614,6158,6240,6304,6481,6666,6844,6918,6993,7125,7149,716,7163,7211,7431,7453,7457,7500,7508,7516,755,7657,7668,7689,7698,7758,800,8185,8207,8233,8300,845,8493,8497,8623,8644,8658,8687,8701,8709,8757,8763,8811,8818,9049,9067,9173,9198,9236,9254,9272,9317,9501,9518,9557,9564,9697,9701,9890,9900,
73,1072,1266,168,1798,182,1840,1855,2005,2029,2060,207,2124,2157,2558,2589,2714,2843,293,2992,3057,3107,3158,3210,3284,3335,3418,3437,3469,350,3507,3537,3565,3793,3957,3960,3998,4016,4039,4043,4047,4074,410,4324,4375,4416,4688,4764,4767,4826,4880,5131,5313,5324,5349,5373,547,5606,5760,5777,5839,5955,5972,6033,6266,6302,6426,6661,6699,6751,6805,6858,6893,6900,6944,7031,7080,7200,7220,7355,7411,7481,759,7697,7752,7774,7823,7939,794,8102,835,8372,8391,8619,8672,8748,9116,9304,9416,9519,9768,9818,9821,995,
74,100,1267,1322,1334,1354,1432,1548,1666,1806,1863,1865,2144,235,2443,2455,2573,2619,2748,276,3030,3182,3298,3483,3693,3700,383,4178,4236,4246,4272,4455,4544,4777,4782,4835,4843,4949,4996,5234,526,5420,5451,5464,5556,5625,5630,5785,581,5970,5993,6132,6270,6280,6314,6345,6567,6570,6597,662,6725,6812,6904,7030,7077,7174,7233,7268,7348,7365,7366,7434,7455,7477,7590,7655,7797,7807,7941,8031,8119,8176,8210,8226,8468,86,8643,8909,8947,9057,9113,9231,9298,9307,9413,9470,9476,9601,9765,9815,
75,1078,1302,149,1563,1641,1647,1656,1698,170,1916,1936,2074,2166,2179,2181,2236,2330,2401,2428,2687,2690,2726,2780,279,2795,2876,3043,3207,3242,3399,3411,345,3520,3527,3735,3771,388,4000,4095,4133,4135,4362,441,4438,4570,4590,4759,4910,4958,4960,5028,509,5104,5217,5476,5568,5604,5608,5830,5863,5941,6053,6062,6092,6099,6150,6155,6159,6202,6210,629,6359,6407,6450,6487,6516,6644,6672,6688,6822,683,6851,7156,7224,74,7515,7519,7581,7589,762,763,7723,7725,782,785,793,8087,8307,8365,8375,8465,8580,8586,8633,8812,9055,9077,9330,9469,9481,9513,9517,9576,9589,9593,9735,9785,9893,
76,1085,1135,1192,1196,1219,1429,1487,1490,1507,1827,1968,1987,1998,205,2177,2187,2357,2368,2745,2793,283,2903,2981,30,3019,3116,3356,3477,3496,354,3666,3685,3689,3823,3897,4083,4331,4357,4422,4444,4575,4628,4638,4705,4761,4783,486,4904,4918,5045,5229,5237,5267,532,534,5437,5541,5939,608,6186,6386,647,6615,6815,6875,6905,6928,6961,6977,7008,7022,7115,721,7230,7273,7416,7505,7673,7778,7881,802,8021,8030,8064,8130,8257,8272,8309,8387,8620,8822,8932,8983,9041,9075,9188,9332,9356,9547,9721,9737,9743,9902,9996,
77,1201,123,1251,1305,1307,1364,1414,1447,1516,1556,177,1790,1833,1879,198,1991,2010,2186,2211,2234,2237,2311,244,2449,2651,2652,2902,2999,3000,306,3238,3391,3471,3498,3522,3524,3566,3610,3765,4008,406,4068,4173,4259,4322,433,4446,4513,4543,4648,4719,4736,4895,49,4989,5046,505,5109,5114,5119,5139,5400,5403,5573,5754,5805,5877,602,6182,6275,631,6448,6539,6562,661,6662,6685,6687,6717,6747,6758,697,7165,7237,7332,7501,7532,7538,7744,7862,7981,7991,814,8193,8363,8393,8498,8543,8656,8697,8944,9004,9032,9066,9269,9535,9728,9761,
78,1089,128,1287,1294,1314,1348,1395,1575,1769,1817,1902,2023,2192,2270,2305,2434,2465,2514,2608,2664,2686,2734,300,3010,3041,3126,3236,3265,3512,3541,3561,3787,3824,3838,3966,4168,4201,4301,4431,4441,4630,4961,5245,5325,5396,5648,5675,5711,5864,603,6095,6136,6237,6306,6309,6350,6360,6707,673,6834,6983,7006,7100,7221,7228,7301,7363,7395,7429,7465,7685,7700,7715,7733,7789,7901,8028,8033,806,8109,8115,815,8152,8194,8271,8444,85,8529,8555,8563,8729,8813,8988,8989,9018,9125,9409,9484,9570,9862,
79,1065,1312,1392,1399,1649,1722,2027,2044,2130,2138,2238,2247,2272,2282,2295,2583,2604,2705,2892,2977,3088,3222,3273,3334,3405,3441,3445,3508,3584,3830,3981,4046,4209,4291,4462,4486,474,4833,4899,4900,4907,4946,4984,5005,5096,5186,5264,5294,5356,5378,5569,5585,580,6009,6195,6285,6373,6414,6465,6564,6577,6703,6762,6814,6826,6854,6885,69,6908,6917,693,6932,7117,7234,7312,7417,756,769,7760,7822,7830,7887,7930,7967,8045,8047,8059,8278,8359,8383,8426,8568,8671,870,8870,8962,9,9161,9174,9187,9461,9490,968,9713,9736,9741,9797,
80,102,1130,1178,119,1198,1469,1631,1662,1664,1719,1814,2363,240,2412,2415,2440,2445,2500,2694,2727,2794,2960,2987,2990,2995,3073,3108,3114,327,329,3506,3594,3720,3749,376,3790,3934,4118,4154,4213,4281,4294,4456,4723,5230,5379,5422,5498,5638,5770,5871,5874,589,5899,6177,627,6312,6358,6408,6439,6474,6522,6740,6763,6819,6869,6873,7047,7091,7111,7199,7315,7316,7399,741,7450,746,7544,7677,7813,8060,8071,8072,8250,8277,8292,8297,8508,8532,857,8575,8622,8665,8789,88,8863,8878,8952,8982,90,9071,9079,9084,9136,9146,9809,
81,1360,1553,1580,1715,1718,1765,2015,2022,2111,2196,2254,236,2362,2400,266,2953,3304,3369,3379,3532,3539,370,3723,3788,3799,3863,3989,4153,4220,4266,4274,4304,4346,4412,4449,4461,4928,4990,5177,5293,5389,5527,5557,5600,5615,569,5726,5734,5862,6143,6171,6279,6375,6422,6440,6496,6695,6922,6969,6985,7078,7201,7284,7345,7346,7349,7353,7408,7474,7488,7664,7720,8167,8182,832,8478,8491,8648,9150,9460,9712,9771,9788,9796,9877,9901,
82,1114,1136,1213,1284,1328,1584,1688,1740,1839,2054,2405,2456,271,2813,2824,2836,2881,2927,3001,3060,3426,344,347,356,3586,3630,3679,379,3868,4026,4029,4084,4152,4297,4361,4414,4569,4610,4618,465,4875,4934,5034,51,5148,5261,5470,5552,5583,5660,5707,5746,5827,5897,5920,6303,6338,641,6640,6733,6882,6948,7037,7141,7146,7182,7272,7279,7326,7360,737,7531,757,7642,7670,7726,7810,8051,8125,8195,8269,8333,8362,8854,8917,9115,9142,9283,9351,9382,992,9951,
83,1058,1138,1242,131,1442,1582,1705,1885,1906,2354,2385,2474,2548,2585,2769,2828,3146,328,3403,3724,380,3864,404,4052,4243,4275,4287,4417,4526,4647,4862,4878,5000,501,5116,5312,5460,5473,5513,5524,5525,5791,5886,5904,592,5951,6048,6231,6242,6352,6402,6621,6629,6652,6746,6813,6846,6975,7040,7070,7145,7150,718,7232,736,7404,7514,7709,7739,7769,7795,7994,8080,8330,834,8342,844,846,853,8686,8693,8783,892,8955,9094,9106,9157,9225,941,9873,991,9969,
84,143,1503,167,19,1955,2036,2092,2161,2174,2252,2294,2345,2447,2663,2700,2716,277,278,2888,2916,294,3040,3321,3635,3694,3734,3807,3923,3940,4072,4096,4099,4114,4200,4231,4341,4376,4448,4686,4863,4871,4979,5084,5159,5241,5551,5628,5643,5995,611,6153,6336,6459,6560,6592,6610,6678,675,6860,6964,7297,7551,7599,7610,7718,8003,8076,8186,8201,8295,8448,8481,869,8891,8937,8959,9117,9119,9270,9354,9401,9568,9732,9840,9872,9921,9955,9968,9985,
85,1345,1451,1528,1529,1540,1680,1851,1937,2017,2128,2220,2392,2479,2620,2641,2721,2792,2802,2865,2890,2954,2971,3184,3186,3280,3406,3410,3413,3525,355,3564,3725,3813,3968,4250,4300,4690,484,4866,4932,4935,5001,5040,5052,5068,5416,5554,5571,5657,5673,5820,5971,6205,6239,6284,642,6446,6580,6630,6664,6949,6960,7046,7173,7225,7276,7286,7325,7340,738,7582,7662,7705,7791,817,8438,8554,8603,8629,8631,8749,8782,8890,8907,8912,9013,906,9121,9337,9399,9404,957,974,9753,9813,9895,9916,993,
86,1035,1043,1254,139,1634,166,1752,1782,2188,241,2422,2520,2645,2887,2899,2944,2952,3034,3115,3209,3354,3446,3590,3798,3832,384,3915,3987,4131,4158,4163,4439,445,4572,4577,4645,473,4848,496,5050,5083,5295,5446,583,5997,6044,6110,6157,6310,6395,6428,6618,6807,6898,692,7181,7258,7260,7281,7336,7368,7369,7606,7749,7957,7986,8041,8512,8530,8561,8595,866,8722,8778,8796,883,8889,8931,8967,9127,9147,9327,9380,9410,951,9656,9706,985,9861,
87,1111,1191,18,1881,1988,2019,2076,2348,2530,2554,2591,2706,2951,2965,3013,3176,3229,3317,3461,35,3503,3504,361,3669,3969,3996,4140,4254,4277,4470,4482,4483,452,4593,4699,4756,4831,4845,5038,5089,5126,5179,5289,5310,5318,5402,5424,5438,5450,5497,5528,5772,5792,5840,5895,5975,600,604,6138,6397,6467,6536,6790,7244,7270,729,7324,7338,7617,767,7854,8057,8123,8252,8423,8540,8566,8604,8859,8924,9027,9076,9128,916,9362,9387,9491,9660,9675,9795,9799,9852,
88,1053,1129,1139,1295,1350,1431,1595,1960,1972,2429,256,2689,2791,2973,3087,3171,3185,3201,3217,3376,3580,359,3636,37,3745,3783,3892,3907,3947,4098,4102,4208,4296,4313,4316,4458,451,4656,4668,4766,4771,4798,4906,5026,5185,5258,5297,5517,5804,5882,593,6,6020,6055,6078,6090,6101,6234,6271,6300,6325,6425,6444,6489,652,6709,6804,684,6840,6847,6866,6895,6988,7039,7067,7074,7271,7283,7405,7565,7690,7886,7980,8089,809,827,8366,8470,8503,856,8736,8874,9102,9242,9260,9282,9403,9475,9733,9738,9857,
89,1062,1169,1780,1874,1894,1997,2021,2110,2134,2148,2205,221,2503,2683,2693,3110,3230,3239,3370,3432,3569,3928,3999,4067,4110,4188,4491,4567,4585,4670,4762,483,4844,5455,560,5716,5768,578,5979,6260,6311,634,6380,6403,6434,658,6676,6732,6998,7172,7293,730,7364,7583,7620,7737,780,7857,7903,7917,8037,8174,8320,8379,8525,8814,8832,8858,8919,8980,9005,9056,9171,9300,9347,9412,9483,9545,9779,9792,983,9868,
90,1147,1153,1187,1189,1193,1211,1230,1275,1676,1709,1792,2024,2055,206,2121,2131,2217,2231,2241,2273,230,2324,2352,259,2632,2784,2868,2909,2958,3018,3178,3225,3283,3340,3344,3625,3782,3888,3908,3937,4063,4087,4156,4171,4306,438,4420,4445,4507,4560,4741,4746,4936,5090,5165,5347,5358,5397,540,5550,5851,6040,6073,6116,6223,6341,6507,6515,6521,6781,7000,7076,7098,7295,7373,740,7549,7851,7963,8092,8218,8258,8263,8299,836,8376,8462,8684,8764,8840,8992,9178,9339,9439,9447,9493,9554,9603,9617,9634,9724,9807,996,9966,9997,
91,1168,1590,1701,1864,1913,1927,2204,2329,2553,2762,2884,3130,322,3235,3245,3422,3505,360,375,3973,4061,4090,4093,4383,44,4520,4655,4720,4807,4828,4837,4931,5077,5172,520,5494,5612,5613,5757,5903,5906,5936,6038,624,6512,6589,6692,6724,7101,7168,7179,7306,7307,7430,7499,7576,7591,7603,7638,768,7787,7942,7989,8029,8046,8096,8135,8143,8324,8589,8646,8678,8758,8760,8849,8866,9034,9059,9089,9100,9216,9245,9291,9303,9353,9612,963,9680,9702,9832,9846,9856,9880,9935,9956,
92,1012,1152,1362,144,1460,154,1583,165,1785,192,2094,2117,2133,2141,2351,2453,2647,2685,2703,2737,2841,2913,3163,3191,3220,3232,3287,3313,3377,3416,3583,3607,3811,3895,3900,3925,4221,4230,4258,431,4363,4579,4609,4742,4770,4916,5075,5190,5266,5276,5292,5328,5436,5448,5502,558,5594,5663,570,5750,5937,5944,5977,6188,6319,6385,6445,6504,6508,6569,6617,6957,7178,7274,7993,8132,8177,8275,8285,8286,8293,8321,8373,8473,859,8618,8700,8816,8825,887,897,9063,9155,9379,9499,9531,9544,9621,9653,9704,9727,9755,9778,9858,9903,9923,9942,
93,1074,1123,1224,1234,1243,1335,1338,1368,1402,1504,1574,1791,1794,2034,2047,2173,2432,2681,2821,2928,2943,2975,3033,3064,3156,3268,3289,3300,3372,3389,3428,3451,3542,371,3867,400,4064,4107,4249,4303,4562,4566,4576,4658,4745,4859,4968,4982,5143,5157,5472,5547,5614,5693,5779,5844,59,598,6130,6238,6528,6683,6934,6942,6966,7014,7266,7327,7344,7352,7361,7579,7596,822,8240,8287,8409,8605,8699,8752,9061,9082,9230,935,9756,9803,9891,9905,9917,9948,
94,1087,1276,1423,1435,1484,1511,1558,2014,2066,2341,2366,237,2426,2430,2467,2499,2704,2730,2750,2754,3017,3099,3170,3267,3286,3343,3457,373,3880,3881,4055,4109,4174,4187,4360,4715,4869,492,5055,5117,5239,5306,533,536,5418,5559,5634,5690,5755,5832,5902,6041,6118,6278,6335,6411,6513,653,6650,6719,6820,6886,6896,6967,7049,7075,7112,7119,7222,7229,7277,7285,7321,7467,7660,7748,7765,781,7861,7893,7982,8117,8229,8323,8399,8557,8601,8612,8716,8797,9118,9321,9334,9478,9591,9764,
95,1081,118,1317,14,1716,1844,1923,1941,2065,2269,2606,2629,2885,2966,2996,3136,3311,3628,3801,3869,4009,4081,4186,4349,4381,4397,4442,4509,4606,4623,4650,4821,5007,5060,518,5200,5228,5244,5567,5572,5580,5623,5671,5712,5738,5739,5781,5821,5857,5964,5965,6021,6023,6088,6212,6333,6351,6464,6505,6626,6655,67,6787,679,6830,6901,695,7,7016,7213,7446,7463,7588,7634,7640,7777,7785,7796,8050,8097,8127,8198,842,8645,878,8862,889,8984,9026,9058,914,9199,9302,9596,9827,9867,9959,9979,
96,1038,1212,1303,136,1408,1513,1824,2167,2281,2290,2325,2377,24,2594,2627,2718,2722,2752,292,3032,3037,3449,3515,3563,3589,3626,3695,3757,3822,390,3924,3942,3955,396,4027,4069,4088,4210,4255,4302,4429,449,4644,4664,4721,4820,4983,508,5269,5414,5445,5468,5581,5661,5836,6000,6012,6166,6224,635,6442,6542,6722,6877,6933,7021,7090,7103,7124,724,7259,747,7480,7635,7649,7686,7724,7999,8036,8044,8048,8150,8228,8249,8314,8325,8524,8527,8544,8652,8695,873,8732,8739,8747,8876,8991,8997,8998,9177,9338,9418,9450,9506,9608,9711,9808,9836,9989,
97,1047,1059,1118,1227,1458,1493,1621,1648,1700,1834,1969,2016,2052,2215,2485,2669,2699,2799,3062,3074,3105,3314,3597,3729,3805,386,3918,4,4089,4132,4157,4348,4355,4358,4586,4680,4726,4755,4902,5009,5102,5316,5339,5419,5421,5771,5786,5907,5908,5961,5994,6072,6077,6104,6114,6167,6192,6421,6608,6613,6667,6859,6941,7180,725,7334,7547,7653,7680,7754,7819,7853,7885,7926,7974,7976,8066,8154,8209,8242,8282,8312,8329,841,8458,8653,8664,8673,8688,8802,8824,8845,8913,8981,9240,9342,9359,9417,942,9422,9427,9786,9800,9839,9934,9991,
